140961 0.033534
141750 0.034257
187961 0.034672
141686 0.035019
190710 0.037283
137041 0.037487
134678 0.038219
140047 0.038252
139788 0.038268
136300 0.038297
140133 0.039487
145197 0.039581
141273 0.039790
207271 0.039814
143244 0.039987
200773 0.040250
195906 0.040475
24107 0.040646
140988 0.040709
18406 0.040784
190192 0.040883
190179 0.041036
140407 0.041091
190298 0.041094
144878 0.041175
112412 0.041213
141751 0.041407
131831 0.041530
187387 0.041600
40720 0.041667
52267 0.041667
112277 0.041667
136973 0.041667
140986 0.041667
144139 0.041667
144177 0.041667
144874 0.041667
147736 0.041667
148585 0.041667
187909 0.041667
194939 0.041667
194946 0.041667
194986 0.041667
195077 0.041667
195921 0.041667
197924 0.041667
137042 0.041981
188555 0.042003
141010 0.042028
112436 0.042031
204012 0.042127
140987 0.042285
189256 0.042401
190235 0.042429
187866 0.042444
187363 0.042828
249872 0.042905
200271 0.042973
136438 0.042986
145213 0.043003
149994 0.043194
189997 0.043407
134973 0.043414
135283 0.043474
203684 0.043503
189902 0.043670
209826 0.043716
205626 0.043725
140899 0.043809
195342 0.043895
190248 0.043925
190410 0.044314
70302 0.044482
139962 0.044575
200756 0.044623
143191 0.044684
139071 0.044734
49438 0.044747
24313 0.044765
141282 0.044768
141685 0.044815
201149 0.044848
146930 0.044886
140038 0.044942
52341 0.044976
187378 0.045055
187360 0.045099
150743 0.045244
207497 0.045285
145505 0.045428
151766 0.045591
140801 0.045641
141211 0.045666
190285 0.045704
209830 0.045822
190624 0.045844
187374 0.045860
140758 0.045920
136424 0.045982
141208 0.046011
133545 0.046034
204026 0.046126
131305 0.046129
194652 0.046225
52277 0.046368
207668 0.046374
142199 0.046386
141752 0.046393
28840 0.046444
130450 0.046527
51749 0.046536
141967 0.046575
147134 0.046579
195299 0.046601
116699 0.046604
201132 0.046675
142857 0.046724
195737 0.046929
140779 0.047000
141476 0.047008
190634 0.047011
210072 0.047016
148690 0.047029
141459 0.047045
141748 0.047086
210068 0.047104
151459 0.047161
146469 0.047215
148665 0.047228
49523 0.047250
49525 0.047487
195895 0.047536
141212 0.047684
197129 0.047713
53478 0.047729
209571 0.047778
190406 0.047910
144861 0.047994
186614 0.048112
116709 0.048156
188238 0.048163
187538 0.048166
151114 0.048323
136122 0.048353
64074 0.048370
195531 0.048561
209832 0.048764
187921 0.048765
147689 0.048769
210306 0.048773
41575 0.048838
139980 0.049083
187136 0.049314
209841 0.049374
131539 0.049400
146466 0.049414
147718 0.049435
41563 0.049527
139968 0.049533
140880 0.049546
212784 0.049638
143243 0.049660
74882 0.049770
189257 0.049784
134096 0.049840
141702 0.049860
187366 0.049959
72207 0.049989
22613 0.050000
24372 0.050000
38041 0.050000
48423 0.050000
51413 0.050000
54570 0.050000
58881 0.050000
135273 0.050000
136147 0.050000
136245 0.050000
136442 0.050000
140024 0.050000
140293 0.050000
140946 0.050000
141315 0.050000
142558 0.050000
142658 0.050000
143139 0.050000
144305 0.050000
145329 0.050000
145737 0.050000
145871 0.050000
145900 0.050000
148279 0.050000
148340 0.050000
148470 0.050000
148565 0.050000
166946 0.050000
171355 0.050000
184924 0.050000
186577 0.050000
186976 0.050000
188013 0.050000
188521 0.050000
188583 0.050000
189956 0.050000
190323 0.050000
195295 0.050000
197905 0.050000
198429 0.050000
198519 0.050000
199286 0.050000
200347 0.050000
200492 0.050000
200694 0.050000
202734 0.050000
205373 0.050000
206811 0.050000
213856 0.050000
253534 0.050000
254490 0.050000
136446 0.050072
187715 0.050075
211188 0.050105
188306 0.050117
136263 0.050193
202357 0.050283
195753 0.050297
190616 0.050301
144426 0.050310
146209 0.050317
140318 0.050350
103339 0.050354
127566 0.050375
36487 0.050407
38089 0.050456
133765 0.050461
56036 0.050540
189010 0.050644
200784 0.050762
143843 0.050808
141199 0.050821
136120 0.050852
140509 0.050883
149454 0.050900
146181 0.050975
162001 0.051002
136283 0.051057
71211 0.051065
204216 0.051139
146800 0.051306
141749 0.051351
112441 0.051369
222151 0.051374
243578 0.051402
205778 0.051418
113021 0.051434
210335 0.051462
126202 0.051471
186897 0.051532
144889 0.051548
118941 0.051557
136679 0.051583
243575 0.051599
197886 0.051636
195749 0.051643
135487 0.051654
200671 0.051654
190268 0.051706
124424 0.051783
203209 0.051787
120918 0.051810
141548 0.051889
41581 0.051904
188054 0.051911
200283 0.051913
156033 0.051939
47620 0.051945
247792 0.051947
196348 0.051949
188502 0.052002
141611 0.052006
148670 0.052031
204178 0.052033
18608 0.052053
111418 0.052077
190180 0.052083
54112 0.052144
151402 0.052200
49428 0.052254
212942 0.052258
136266 0.052265
186979 0.052280
187202 0.052301
24988 0.052304
137190 0.052306
194692 0.052308
134278 0.052312
119547 0.052338
207105 0.052356
9536 0.052403
190078 0.052408
133548 0.052463
133720 0.052474
144635 0.052506
237327 0.052516
145373 0.052539
197576 0.052555
211267 0.052562
40941 0.052568
13092 0.052578
196177 0.052586
207475 0.052610
211640 0.052636
196182 0.052661
222131 0.052667
138432 0.052674
25312 0.052677
204427 0.052699
202212 0.052708
131547 0.052725
190264 0.052755
214096 0.052807
188516 0.052808
218608 0.052812
145511 0.052834
197314 0.052855
190291 0.052862
223013 0.052901
188080 0.052908
135787 0.052911
121045 0.052991
155366 0.053002
190626 0.053013
17826 0.053023
143848 0.053062
36585 0.053113
24232 0.053121
186557 0.053129
148370 0.053139
258550 0.053165
187677 0.053167
131448 0.053170
187267 0.053179
144182 0.053191
141149 0.053208
140956 0.053215
72467 0.053243
147227 0.053336
151596 0.053346
145118 0.053353
196794 0.053366
151456 0.053372
202571 0.053374
147001 0.053378
206242 0.053423
90199 0.053430
190408 0.053431
189867 0.053431
23647 0.053432
207355 0.053445
136560 0.053502
133778 0.053524
253223 0.053527
146179 0.053567
137116 0.053582
203764 0.053590
148191 0.053597
244759 0.053599
100032 0.053616
51421 0.053689
186428 0.053694
206266 0.053721
211310 0.053723
197363 0.053738
190301 0.053766
137622 0.053789
145034 0.053802
194599 0.053807
195441 0.053829
171538 0.053860
236227 0.053941
122649 0.053974
62862 0.053980
41324 0.053991
218607 0.054001
195387 0.054004
24600 0.054008
140406 0.054040
210144 0.054042
146988 0.054094
127086 0.054115
204538 0.054133
136163 0.054134
209997 0.054161
190288 0.054179
246609 0.054227
188894 0.054233
197423 0.054239
139808 0.054247
135334 0.054252
135724 0.054273
38676 0.054327
195385 0.054356
48831 0.054551
195179 0.054570
206213 0.054608
187169 0.054618
136626 0.054641
107986 0.054642
143938 0.054643
48841 0.054651
200890 0.054691
111041 0.054696
188892 0.054709
61878 0.054793
186689 0.054798
189666 0.054834
257475 0.054936
147000 0.054946
61111 0.054960
96222 0.054970
145986 0.054996
88730 0.054997
199667 0.055001
132670 0.055045
218064 0.055048
26346 0.055048
137864 0.055050
146985 0.055075
187244 0.055101
188388 0.055113
70626 0.055134
155390 0.055206
215762 0.055214
81004 0.055216
127584 0.055258
130454 0.055265
112191 0.055273
255960 0.055311
200830 0.055324
199760 0.055353
145030 0.055368
127588 0.055368
145025 0.055386
207937 0.055414
14639 0.055418
140867 0.055427
27494 0.055435
197726 0.055445
141812 0.055457
190396 0.055466
142365 0.055468
146897 0.055470
124433 0.055483
47706 0.055493
55505 0.055501
205820 0.055507
141028 0.055510
187962 0.055532
194835 0.055539
73183 0.055542
47597 0.055562
17327 0.055619
121396 0.055622
260462 0.055636
136921 0.055658
55140 0.055705
43589 0.055750
244705 0.055759
40893 0.055778
197567 0.055796
190814 0.055796
184538 0.055807
143906 0.055816
145105 0.055820
188124 0.055825
138849 0.055850
47042 0.055896
141096 0.055924
203790 0.055980
146347 0.056004
152395 0.056016
157534 0.056042
142430 0.056054
52447 0.056059
209922 0.056079
148020 0.056079
137171 0.056088
146234 0.056120
130305 0.056132
133224 0.056151
148922 0.056177
195776 0.056206
201145 0.056245
45150 0.056267
221335 0.056273
190299 0.056282
24937 0.056311
211725 0.056322
187365 0.056342
144891 0.056342
249708 0.056368
135931 0.056383
206756 0.056389
151445 0.056403
151411 0.056459
135635 0.056473
214365 0.056548
195825 0.056586
103348 0.056590
136338 0.056600
38687 0.056620
135327 0.056631
140766 0.056637
189493 0.056643
207474 0.056648
206310 0.056653
186606 0.056674
198986 0.056724
171261 0.056727
195608 0.056729
206132 0.056732
196719 0.056755
197000 0.056769
179356 0.056819
215761 0.056832
189730 0.056899
189275 0.056917
82561 0.056923
145010 0.056950
250441 0.056981
90369 0.056999
150736 0.057014
135793 0.057016
210579 0.057024
190804 0.057029
169113 0.057030
199042 0.057046
196168 0.057062
205692 0.057063
189258 0.057139
206095 0.057171
48887 0.057180
199889 0.057182
25177 0.057186
189948 0.057248
148849 0.057285
169591 0.057295
187704 0.057311
162870 0.057314
216741 0.057338
201719 0.057367
190651 0.057375
142158 0.057384
142217 0.057420
141466 0.057424
127667 0.057455
205783 0.057474
205926 0.057519
133066 0.057528
135069 0.057537
73737 0.057537
250053 0.057538
85280 0.057547
189760 0.057571
59477 0.057576
136364 0.057611
209813 0.057628
51159 0.057662
187268 0.057678
38931 0.057678
141680 0.057682
143664 0.057682
195732 0.057685
138470 0.057693
98016 0.057703
70618 0.057711
201983 0.057753
213187 0.057766
47368 0.057790
52791 0.057819
68953 0.057845
131179 0.057937
233454 0.057948
149920 0.058010
142098 0.058013
187935 0.058045
154552 0.058061
195216 0.058089
58932 0.058108
174727 0.058116
154505 0.058165
112959 0.058168
24958 0.058217
136624 0.058229
198974 0.058248
153608 0.058261
206380 0.058273
24898 0.058324
184202 0.058326
55995 0.058331
190337 0.058333
243250 0.058334
53196 0.058335
59174 0.058360
133526 0.058372
25994 0.058380
38940 0.058389
187604 0.058426
186602 0.058428
143846 0.058461
137087 0.058537
148959 0.058560
196211 0.058628
188381 0.058630
56094 0.058659
169523 0.058670
48849 0.058676
211247 0.058677
133863 0.058687
205840 0.058707
132804 0.058733
26956 0.058744
214241 0.058751
54469 0.058771
209171 0.058808
182138 0.058812
16368 0.058819
254597 0.058870
211676 0.058890
86975 0.058899
209935 0.058937
112618 0.058952
207922 0.059006
251692 0.059017
221337 0.059039
89838 0.059101
198332 0.059138
188769 0.059145
127203 0.059151
52527 0.059152
206104 0.059153
213514 0.059222
141456 0.059273
141925 0.059294
134971 0.059329
210273 0.059346
136456 0.059371
84065 0.059393
135538 0.059394
204851 0.059403
212287 0.059409
204498 0.059412
139003 0.059426
162602 0.059448
105396 0.059461
249365 0.059470
170550 0.059471
212029 0.059502
195322 0.059589
127570 0.059591
131298 0.059594
204226 0.059613
190760 0.059627
204062 0.059681
188336 0.059745
210932 0.059810
201643 0.059828
151113 0.059849
123141 0.059859
127576 0.059903
250031 0.060008
45921 0.060033
179360 0.060041
145286 0.060079
48798 0.060133
246304 0.060142
48594 0.060144
72934 0.060148
81604 0.060166
70399 0.060200
202454 0.060212
162941 0.060350
59342 0.060378
181718 0.060379
133768 0.060382
137793 0.060398
105367 0.060403
206279 0.060410
21369 0.060415
131769 0.060435
206754 0.060436
210546 0.060456
22924 0.060483
8520 0.060597
223452 0.060652
244126 0.060700
200616 0.060708
245197 0.060755
152565 0.060773
131398 0.060816
139945 0.060838
115861 0.060871
26381 0.060880
253273 0.060885
136178 0.060888
202599 0.060902
10401 0.060940
186418 0.060966
205654 0.060999
205746 0.061017
199740 0.061036
213173 0.061060
198059 0.061070
220283 0.061113
187748 0.061128
143666 0.061129
119881 0.061180
119545 0.061180
110452 0.061212
134868 0.061221
131996 0.061232
111416 0.061242
48267 0.061267
217387 0.061324
20760 0.061341
206912 0.061356
216397 0.061429
187591 0.061473
13958 0.061487
26973 0.061501
210606 0.061503
45056 0.061509
197891 0.061577
187233 0.061599
109104 0.061617
226175 0.061642
200704 0.061662
228727 0.061676
47578 0.061703
98920 0.061730
260557 0.061752
189691 0.061761
62703 0.061784
131346 0.061840
203221 0.061854
190708 0.061883
187199 0.061966
216115 0.061968
133505 0.062016
216100 0.062027
21132 0.062043
190618 0.062048
202798 0.062207
187056 0.062233
72994 0.062246
111351 0.062275
211735 0.062282
256093 0.062284
161999 0.062300
142097 0.062353
199999 0.062377
132610 0.062470
40681 0.062563
188292 0.062569
252177 0.062594
252404 0.062615
136500 0.062663
131542 0.062672
216858 0.062694
24650 0.062728
171799 0.062743
205805 0.062761
202060 0.062778
230661 0.062782
213602 0.062802
22961 0.062807
157419 0.062830
216283 0.062849
243231 0.062913
199663 0.062929
48211 0.062949
205910 0.063013
137989 0.063022
18404 0.063030
136535 0.063036
38613 0.063072
207885 0.063087
121393 0.063099
49182 0.063108
12056 0.063186
136425 0.063213
242999 0.063213
181371 0.063278
182827 0.063321
212167 0.063350
55698 0.063364
196267 0.063380
248141 0.063418
208024 0.063445
124990 0.063463
232671 0.063487
131559 0.063497
202551 0.063501
119818 0.063519
189990 0.063549
151535 0.063562
189696 0.063571
2978 0.063602
122880 0.063620
195671 0.063627
187227 0.063657
237722 0.063663
144118 0.063691
66719 0.063707
21141 0.063712
134817 0.063740
56011 0.063753
196253 0.063796
52218 0.063796
47113 0.063820
151381 0.063866
150857 0.063885
137451 0.063903
206137 0.063904
159201 0.063910
247831 0.063947
204507 0.063996
176068 0.064012
243559 0.064014
51639 0.064021
238380 0.064023
162563 0.064033
103481 0.064069
253210 0.064074
248660 0.064085
86623 0.064110
247380 0.064144
47100 0.064172
14705 0.064202
137670 0.064234
187948 0.064299
126628 0.064310
138291 0.064314
212957 0.064333
88992 0.064381
109815 0.064418
5136 0.064420
187236 0.064434
48246 0.064457
176806 0.064484
256031 0.064500
161819 0.064501
111489 0.064518
124059 0.064531
206109 0.064558
149188 0.064576
136114 0.064581
46752 0.064653
55811 0.064654
240739 0.064659
180086 0.064787
111484 0.064815
243283 0.064867
138315 0.064877
118876 0.064920
195646 0.064921
203518 0.064972
135950 0.064973
132847 0.065008
137965 0.065086
209225 0.065219
254250 0.065345
150916 0.065395
124852 0.065410
190812 0.065412
123291 0.065420
212325 0.065435
203411 0.065438
132786 0.065445
118934 0.065464
244910 0.065472
188246 0.065478
82564 0.065494
198102 0.065508
29169 0.065559
144259 0.065618
250473 0.065706
141722 0.065751
103558 0.065751
174200 0.065779
237827 0.065802
84888 0.065847
148404 0.066035
187637 0.066114
154230 0.066357
236068 0.066494
45350 0.066495
202816 0.066623
46160 0.066667
13651 0.066667
33522 0.066667
46168 0.066667
48190 0.066667
48204 0.066667
48410 0.066667
73526 0.066667
82009 0.066667
82686 0.066667
85619 0.066667
114945 0.066667
122976 0.066667
147003 0.066667
147044 0.066667
215821 0.066667
218671 0.066667
223911 0.066667
231792 0.066667
245080 0.066667
246569 0.066667
246715 0.066667
249834 0.066667
167926 0.066667
97569 0.066815
164117 0.066830
210554 0.066842
22546 0.066881
43391 0.066893
200519 0.066917
194678 0.067001
152196 0.067093
129583 0.067107
140778 0.067248
55021 0.067266
130463 0.067293
51101 0.067355
180129 0.067544
12642 0.067720
103341 0.067728
110745 0.067792
147076 0.067987
219349 0.067992
198170 0.067997
72211 0.068054
220808 0.068159
187959 0.068173
217402 0.068255
199529 0.068260
146448 0.068319
120929 0.068357
134189 0.068362
220545 0.068392
48537 0.068423
215191 0.068433
95050 0.068488
27136 0.068491
198881 0.068493
209806 0.068497
186766 0.068537
239209 0.068565
195464 0.068591
168569 0.068820
132746 0.068860
244901 0.068935
27034 0.069001
165951 0.069082
187875 0.069090
188347 0.069098
202415 0.069105
97757 0.069121
208239 0.069124
255873 0.069161
150939 0.069217
72265 0.069265
156918 0.069282
253300 0.069315
108334 0.069394
45835 0.069402
168085 0.069421
104822 0.069422
251441 0.069434
257182 0.069455
194893 0.069571
177658 0.069801
11217 0.069885
250586 0.069908
194534 0.070012
240421 0.070042
75447 0.070085
249269 0.070188
90197 0.070230
17331 0.070277
88511 0.070394
170810 0.070520
60492 0.070578
122871 0.070620
66090 0.070729
215926 0.070738
43605 0.070973
189844 0.071050
202804 0.071052
20347 0.071232
37426 0.071348
223821 0.071389
203143 0.071403
2555 0.071446
205238 0.071551
36689 0.071579
219399 0.071594
121633 0.071630
196479 0.071678
140089 0.071684
24077 0.071710
18229 0.071877
146921 0.071881
38386 0.071936
111938 0.071972
136496 0.072030
238112 0.072143
230157 0.072184
133131 0.072252
218686 0.072265
168148 0.072511
89301 0.072573
15332 0.072641
82639 0.072730
156930 0.072738
131551 0.072754
223905 0.072898
111785 0.072997
87031 0.073169
166144 0.073192
55509 0.073264
241562 0.073317
75074 0.073394
59630 0.073534
200058 0.073601
21768 0.073632
217657 0.073643
215776 0.073779
81041 0.073825
152444 0.073867
86600 0.074027
152372 0.074099
37946 0.074141
17125 0.074207
170845 0.074210
247511 0.074337
139219 0.074361
195250 0.074414
177487 0.074450
250718 0.074526
164910 0.074614
198255 0.074720
141470 0.074807
243293 0.074856
48635 0.074863
250844 0.074917
198497 0.074967
49001 0.075019
212739 0.075059
138358 0.075211
245006 0.075211
75881 0.075280
137408 0.075307
198080 0.075314
107826 0.075353
205295 0.075657
188357 0.075845
171196 0.075848
212599 0.075855
56240 0.075863
37885 0.075892
209193 0.076012
15440 0.076038
131752 0.076039
118639 0.076058
240990 0.076149
20179 0.076218
181068 0.076255
236689 0.076629
65607 0.076649
72360 0.076666
195539 0.076703
18230 0.076707
254196 0.076739
132714 0.076947
256663 0.076960
55672 0.077018
195256 0.077427
13946 0.077487
47196 0.077514
244858 0.077691
248892 0.077827
127463 0.077838
51282 0.077910
40350 0.078037
213814 0.078218
260262 0.078305
87664 0.078785
257470 0.078947
116826 0.079401
67238 0.079405
25740 0.079450
210728 0.079455
210780 0.079521
74876 0.079563
190765 0.079702
162302 0.079788
139859 0.079790
20613 0.080157
41832 0.080221
19271 0.080245
136185 0.080259
111516 0.080312
194849 0.080385
194729 0.080786
198241 0.081138
109058 0.081337
23768 0.081369
96807 0.081392
171136 0.081398
14833 0.081482
240326 0.081564
186443 0.081696
227881 0.081795
218281 0.082111
64812 0.082226
188294 0.082229
229221 0.082398
84959 0.082535
183137 0.082868
86984 0.083072
247409 0.083127
125319 0.083151
112486 0.083153
179438 0.083189
259969 0.083258
71373 0.083333
222844 0.083396
105275 0.083460
18681 0.083655
180885 0.084012
254028 0.084031
209708 0.084532
209955 0.084737
187371 0.084793
246672 0.084812
71231 0.084938
104360 0.085169
195780 0.085541
100776 0.085586
190694 0.085650
75779 0.085711
20298 0.085791
97920 0.086066
95349 0.086107
206829 0.086336
44686 0.086399
206419 0.086518
137183 0.086587
175455 0.086830
83425 0.087100
250275 0.087239
256518 0.087366
132942 0.087439
237610 0.087497
115378 0.087546
247401 0.087648
98582 0.087803
4667 0.087828
187599 0.087995
68487 0.088104
187999 0.088206
50862 0.088284
49006 0.088347
236681 0.088414
11883 0.088589
125258 0.088785
202977 0.088841
193755 0.088938
130006 0.088968
52561 0.089237
246392 0.089548
223686 0.089561
242765 0.089898
140849 0.089913
170970 0.090008
196991 0.090048
51796 0.090207
221925 0.090730
139241 0.090861
258057 0.091018
74428 0.091038
71355 0.091115
49005 0.091274
132711 0.091313
120356 0.091348
208562 0.091418
104092 0.091603
53817 0.091657
62872 0.091799
132603 0.091834
239238 0.092058
120234 0.092096
19713 0.092572
40188 0.092813
212806 0.092905
204689 0.092989
103689 0.093086
191162 0.093332
249428 0.093530
221057 0.093760
125333 0.094081
69009 0.094389
239698 0.094403
194726 0.094988
59044 0.095502
141495 0.095780
237752 0.095860
194686 0.096040
241183 0.096088
150823 0.096143
240479 0.096242
200503 0.096269
204561 0.096440
49568 0.096511
46666 0.097216
155458 0.097499
228533 0.098207
190611 0.098448
91983 0.098702
144351 0.098849
195248 0.099428
118260 0.100000
132142 0.100000
160100 0.100000
175511 0.100000
205682 0.100000
242789 0.100000
243419 0.100000
245063 0.100000
198535 0.100898
118895 0.101351
199451 0.101556
162526 0.101619
23667 0.102328
237604 0.102702
147760 0.103183
54773 0.103996
98072 0.105718
220419 0.106550
23052 0.106811
54837 0.106936
231581 0.107015
136763 0.108468
139066 0.108804
25804 0.109343
139924 0.109382
231960 0.109972
49381 0.112199
204490 0.112817
231885 0.112942
209455 0.113764
114446 0.114145
150319 0.115838
236269 0.116520
239218 0.116793
258481 0.117115
188341 0.117332
27950 0.118045
99827 0.118324
213458 0.120552
247468 0.120674
260633 0.121470
241335 0.122839
220389 0.122940
212785 0.126183
243061 0.127603
164511 0.130436
150345 0.131205
128076 0.136879
221806 0.138193
213261 0.138542
238974 0.139528
5 0.140076
256631 0.140579
238453 0.144365
194461 0.155032
106977 0.164783
250593 0.165201
263850 0.176734
